20.622778	21.065055	
25.051873	25.445711	
37.102888	37.650470	
48.305150	48.732685	
53.418723	53.745166	
83.516774	83.950627	
89.940331	90.513186	
99.744154	100.359130	
128.239475	128.542751	
132.346339	132.622236	
148.721145	148.914905	
211.318183	211.547747	
216.981444	217.430040	
225.182537	225.605859	
227.332849	227.621382	
228.674424	228.996655	
239.392287	239.836671	
244.566937	244.853364	
256.415767	256.693770	
257.329808	257.673099	
258.380744	258.839870	
261.148139	261.445096	
264.730588	264.930666	
275.286283	275.616938	
282.552274	283.011400	
301.100558	301.532306	
347.158517	347.883010	
352.154149	352.634336	
355.532308	355.902979	
357.356177	357.625756	
370.864602	371.471154	
375.721232	376.091903	
432.383325	433.010938	
453.621079	454.008599	
458.823108	459.202203	
581.102364	581.595188	
588.431537	588.806420	
598.334346	598.717653	
653.248389	653.905487	
680.665394	681.069763	
687.779747	688.125145	
693.727329	694.211729	
706.612353	707.231542	
709.089109	709.303929	
725.423899	725.748236	
730.562744	730.899718	
742.116723	742.483182	
760.978814	761.383182	
779.078503	779.579751	
795.004713	795.333262	
798.622966	799.115789	
806.478660	806.781936	
816.330923	816.646835	
819.675385	819.970236	
824.207678	824.498318	
837.560253	837.821407	
864.821408	865.204716	
870.090831	870.381471	
883.110645	883.569771	
888.666495	889.121409	
898.105965	898.531394	
906.728274	907.301129	
909.739975	910.144343	
915.346371	915.632799	
921.390833	921.896294	
954.384750	954.911271	
967.783659	968.204876	
981.721725	982.067123	
992.883972	993.423130	
1000.600665	1001.005033	
1019.875549	1020.267280	
1035.494270	1036.033428	
1040.245596	1040.818451	
1071.129217	1071.415644	
1073.656518	1073.955582	
1087.716737	1088.062135	
1093.550591	1093.870716	
1121.607846	1121.911122	
1129.648876	1130.074305	
1143.553245	1143.759641	
1144.265101	1144.854805	
1154.854493	1155.343105	
1171.732653	1172.040142	
1189.495368	1190.110345	
1204.065260	1204.456992	
1242.808787	1243.192095	
1290.621114	1291.252939	
1321.551068	1321.993346	
1325.700054	1325.999118	
1344.772754	1345.210819	
1345.332972	1345.568854	
1364.839525	1365.104892	
1407.070728	1407.420338	
1432.920807	1433.304115	
1488.904741	1489.279624	
1510.302558	1510.829079	
1547.622372	1547.971982	
1567.676507	1568.122997	
1686.160599	1686.548119	
1694.610210	1695.048275	
1702.651240	1703.194609	
1708.169181	1708.586185	
1728.286498	1728.615047	
1789.720978	1790.184317	
1805.908342	1806.236891	
1812.243444	1812.504598	
1823.161385	1823.767937	
1854.963258	1855.367627	
1868.930810	1869.242510	
1889.309282	1889.671528	
1892.864352	1893.310842	
1896.486817	1897.042823	
1900.724259	1901.128627	
1922.534868	1922.981358	
1925.651873	1926.241576	
1933.360141	1933.579174	
1934.438457	1934.733308	
1948.330189	1948.852498	
2113.497746	2114.104299	
2123.733316	2124.095563	
2139.141429	2139.545797	
2147.304612	2148.307108	
2162.459995	2162.923333	
2183.023802	2183.411322	
2186.553600	2187.042211	
2207.884022	2208.583242	
2211.321151	2211.691822	
2213.351417	2213.814755	
2219.273726	2219.972946	
2226.602899	2227.125208	
2268.168579	2268.623494	
2278.319906	2278.791669	
2278.859064	2279.061248	
2292.102122	2292.590733	
2300.096818	2300.467489	
2307.779814	2308.116787	
2309.767957	2310.408207	
2312.050953	2312.640656	
2316.675914	2317.240344	
2391.189177	2391.703062	
2397.861252	2398.358288	
2409.882782	2410.413515	
2461.473424	2461.936762	
2517.630056	2517.992303	
2528.665938	2528.893395	
2557.906813	2558.353303	
2604.754553	2605.142072	
2619.842541	2620.499639	
2622.614148	2623.195427	
2672.814774	2673.109626	
2674.053151	2674.272184	
2782.769225	2783.038803	
2816.946761	2817.401675	
2874.821958	2875.184205	
2904.029136	2904.500899	
2930.759558	2931.500900	
2946.976408	2947.566111	
2958.829450	2959.284364	
3010.950825	3011.624772	
3015.685303	3016.232885	
3055.085928	3055.507145	
3056.181092	3056.678128	
3057.470016	3057.739595	
3248.306529	3248.803565	
3293.890618	3294.160197	
3318.177983	3318.455986	
3338.101541	3338.522757	
3386.297174	3386.802635	
3461.678145	3462.048816	
3469.436959	3470.018239	
3559.678461	3560.133375	
3608.868166	3609.247261	
3620.855998	3621.302488	
3650.080024	3650.838215	
3658.934003	3659.245703	
3741.526206	3742.158031	
3755.847579	3756.268796	
3781.895630	3782.502183	
3832.854447	3833.528394	
3860.124027	3860.511546	
3862.533387	3862.979877	
3876.484090	3877.629800	
3897.772390	3898.282063	
3917.889708	3918.239318	
3918.462563	3918.685808	
3918.685808	3918.879567	
3918.930113	3919.157571	
4094.619668	4095.226220	
4102.669123	4103.022945	
4221.511249	4222.008285	
4235.251343	4235.731530	
4357.627479	4358.284578	
4578.627332	4579.056974	
4600.126241	4600.412669	
4662.188334	4662.778038	
4670.284122	4670.915948	
4675.246057	4675.928428	
4886.006128	4886.410496	
4972.966350	4973.256990	
5013.403169	5013.845447	
5096.972595	5097.364327	
5150.349197	5150.989446	
5161.738901	5162.189603	
5185.440774	5185.916749	
5258.648265	5259.309575	
5393.151235	5394.018941	
5398.846087	5399.591640	
5444.729240	5445.129396	
5457.803811	5458.107087	
5469.467306	5469.837977	
5474.686183	5474.955762	
5528.180725	5528.639852	
5544.945157	5545.391646	
5546.849057	5547.350305	
5550.458885	5550.880102	
5566.250306	5566.692583	
5591.624410	5592.083536	
5654.065598	5654.478390	
5658.951713	5659.423476	
5663.833617	5664.254834	
5665.745941	5666.356706	
5674.696800	5674.924257	
5719.969189	5720.369345	
5733.317551	5733.671373	
5754.593215	5755.258738	
5803.660768	5804.031439	
5818.399146	5818.689786	
5824.334092	5824.692126	
5832.632064	5833.011159	
5846.806011	5847.168258	
5887.074344	5887.546107	
5907.541271	5907.840335	
6003.128015	6003.620838	
6134.926772	6135.238472	
6161.080127	6161.501344	
6188.480284	6188.888865	
6197.957664	6198.421002	
6230.526152	6231.027400	
6269.337074	6269.775139	
6293.304313	6293.755016	
6296.850960	6297.238479	
6319.360789	6319.621943	
6374.780292	6375.247843	
6375.551119	6375.968123	
6378.575456	6379.055643	
6382.176860	6382.728654	
6425.275770	6425.958141	
6474.339110	6474.798237	
6485.021170	6485.421326	
6489.085913	6489.540827	
6491.495273	6491.857520	
